[1,15]
[2,6]
[3,5]
[4,9]
[5,14]
[6,3]
[7,0]
[8,5]
[9,12]
[10,36]
[11,1]
[12,1]
[13,10]
[14,2]
[15,-2]
[16,7]
[17,12]
[18,4]
[19,8]
[20,13]
[21,15]
[22,21]
[23,-6]
[24,4]
[25,2]
[26,5]
[27,2]
[28,0]
[29,27]
[30,30]
[31,4]
[32,1]
[33,0]
[34,7]
[35,-13]
[36,-2]
[37,2]
[38,0]
[39,9]
[40,12]
[41,0]
[42,5]
[43,0]
[44,1]
[45,0]
[46,-1]
[47,11]
[48,8]
[49,0]
[50,2]
[51,0]
[52,15]
[53,0]
[54,9]
[55,0]
[56,2]
[57,16]
[58,39]
[59,0]
[60,43]
[61,0]
[62,4]
[63,14]
[64,0]
[65,5]
[66,2]
[67,0]
[68,0]
[69,0]
[70,0]
[71,0]
[72,0]
[73,1]
[74,0]
[75,3]
[76,1]
[77,10]
[78,2]
[79,2]
[80,7]
[81,79]
[82,2]
[83,12]
[84,39]
[85,0]
[86,4]
[87,6]
[88,3]
[89,3]
[90,0]
[91,8]
[92,41]
[93,-6]
[94,2]
[95,0]
[96,-7]
[97,74]
[98,58]
[99,-1]
[100,51]
[101,0]
[102,0]
[103,0]
[104,8]
[105,0]
[106,0]
[107,4]
[108,1]
[109,2]
[110,1]
[111,0]
[112,23]
[113,2]
