[1,15]
[2,11]
[3,5]
[4,11]
[5,14]
[6,4]
[7,6]
[8,5]
[9,15]
[10,49]
[11,1]
[12,2]
[13,10]
[14,4]
[15,-4]
[16,7]
[17,18]
[18,5]
[19,13]
[20,17]
[21,16]
[22,21]
[23,-6]
[24,4]
[25,2]
[26,5]
[27,5]
[28,0]
[29,31]
[30,36]
[31,3]
[32,10]
[33,0]
[34,7]
[35,-13]
[36,-1]
[37,2]
[38,0]
[39,11]
[40,15]
[41,0]
[42,6]
[43,1]
[44,2]
[45,0]
[46,4]
[47,12]
[48,9]
[49,2]
[50,2]
[51,0]
[52,15]
[53,0]
[54,9]
[55,0]
[56,2]
[57,16]
[58,49]
[59,0]
[60,43]
[61,0]
[62,3]
[63,14]
[64,0]
[65,5]
[66,2]
[67,0]
[68,0]
[69,0]
[70,-1]
[71,0]
[72,0]
[73,1]
[74,0]
[75,3]
[76,1]
[77,10]
[78,2]
[79,2]
[80,7]
[81,88]
[82,6]
[83,15]
[84,49]
[85,0]
[86,4]
[87,9]
[88,3]
[89,3]
[90,1]
[91,8]
[92,43]
[93,-6]
[94,2]
[95,0]
[96,-2]
[97,73]
[98,68]
[99,-1]
[100,59]
[101,2]
[102,-1]
[103,0]
[104,8]
[105,0]
[106,0]
[107,4]
[108,1]
[109,4]
[110,1]
[111,0]
[112,23]
[113,2]
